1	2	3	4		1	2	1	2
5	6	7	8	+	 5	2	3	4
9	10	11	12		 5	8	1	0
13	14	15	16		 10	1	3	2
=
2	4	6	8	
10	12	14	16	
18	20	22	24	
26	28	30	32


1	2	3	4	
5	6	7	8	*	5
9	10	11	12	
13	14	15	16	
=
5	10	15	20	
25	30	35	40	
45	50	55	60	
65	70	75	80	


1	2	3	4		1	2	1	2
5	6	7	8	*	 5	2	3	4
9	10	11	12		 5	8	1	0
13	14	15	16		 10	1	3	2
=
66	34	22	18	
150	86	54	50	
234	138	86	82	
318	190	118	114	


1	2	1	2		1	2	3	4
5	2	3	4	*	5	6	7	8
5	8	1	0		9	10	11	12
10	1	3	2		13	14	15	16
=
46	52	58	64	
94	108	122	136	
54	68	82	96	
68	84	100	116


1	2	3	4	^T
5	6	7	8	
9	10	11	12	
13	14	15	16	
=
1	5	9	13	
2	6	10	14	
3	7	11	15	
4	8	12	16	


1	2	1	0		1
2	1	2	0	*	2
1	2	1	0		3
0	0	0	1		1
=
8
10
8
1

1	2	3	0	^-1
0	1	4	0	
5	6	0	0	
0	0	0	1	
=
-24.0	18.0	5.0	0.0	
20.0	-15.0	-4.0	0.0	
-5.0	4.0	1.0	0.0	
0.0	0.0	0.0	1.0	